seed:  (14118487586010754630, (10634405742516818617, 4161314437422167442, 3953282923970815762, 9312144871109111873))
seed:  (9235682198958079803, (18054365798297119274, 6681210047785595620, 14467475310615716301, 18002054299023553120))
seed:  (15805975052902691477, (12965917347902549824, 11847785864394509645, 16024510134147916859, 13491798238679333419))
seed:  (12385246758690577417, (14062174369531405478, 9059579174665466867, 16751750722072421584, 10809501920884701659))
seed:  (7081037727092766090, (16599712543971283434, 14551636596307883719, 1601633046745175201, 3166113378174929152))
seed:  (7418830617747955128, (7286819779878828179, 7208499930536591578, 4689148632172522637, 9824928755353621352))
seed:  (2401020916582642289, (8070197940160110977, 15299136863767641112, 13844765794171681210, 14970672457871442492))
seed:  (16067392121495548500, (2097118950949412506, 4611699706348447362, 4112187609631078504, 2737812226873151883))
seed:  (4645794873155569088, (1395571874929028451, 5758430660594679016, 10243350597232027721, 2659534714901204823))
seed:  (11923727588687635262, (16916599102103417813, 16052554300088886279, 2864342617101470546, 12284625910525038617))
seed:  (14644061170116258085, (3162118358376380947, 7930309608196852632, 13961494785636160169, 18108192175891171849))
seed:  (3390190218355974875, (2823825782147842389, 5987693734419939606, 16795033074675253133, 6767568299477116393))
seed:  (13117275788345058799, (17437355015273749948, 3658771612919624053, 16368683139238639227, 17159860028325975625))
seed:  (9493079664940696497, (10560349375770512572, 16135718996804914477, 4549334652131369881, 7141825010007763439))
seed:  (17852306096206631270, (5414510808378831887, 3416432626384958701, 6045564873505553030, 8339484700496029347))
seed:  (13492498445262751542, (6946506977742577022, 7864670272881721724, 1278529876387709659, 5420496282143549967))
seed:  (7433568275690599556, (3279884953253801264, 17383098366744454885, 1697306926558798631, 11433788379312019597))
seed:  (9609625037099873523, (16469077029757614197, 12984760391153492760, 595055429945899808, 6435380642889113107))
seed:  (5699105051908994085, (10620128163797515408, 940701225266682366, 16231322329224045649, 4974828153541953171))
seed:  (16841097771344959881, (11608358932276933030, 2269000686434787810, 9144744211687129715, 7408103825411624305))
seed:  (12569304816768451199, (14709374685554833499, 15229528238578507674, 16379170823854618083, 16839408482014617396))
seed:  (11916864454496460416, (11093004222129555661, 10830457370663809358, 18298973625933714909, 14430211066837169470))
seed:  (8911568068238274090, (91999851635542717, 8356934673962738111, 8608068009958847711, 13905544200778267321))
seed:  (11897523218577066704, (17998197396525769418, 6522470421871234191, 11571343174374317710, 14588717219936531920))
seed:  (5995349443687304361, (6877416202080870439, 14572731733180095626, 1900740572405045397, 1426218510661991599))
seed:  (7480053465934299102, (4671564100228809756, 3355782038553357431, 6315965956985842797, 1016959894092661004))
seed:  (15549057726460392619, (12492084618063254921, 10218881180683820705, 247034129038459220, 2051850639396224822))
seed:  (2675251137257286715, (1177002528556850931, 4155743338294103384, 18265405614643510803, 10868813887478879064))
seed:  (942555101603290572, (15977473674810596708, 2335321084429556956, 18181963811178500035, 3865960176213563388))
seed:  (6964912324356732464, (10478192472938953126, 4534783859254216833, 12363072079427492528, 7886807317595387237))
seed:  (13571164176267141931, (7935120952953156914, 13129395221988847156, 15219073544430052384, 12087042590641273577))
seed:  (1486973334498610034, (16618277338356465544, 17358261393730066114, 14244727983842822978, 1086054397936633374))
seed:  (105014863122879211, (397178378655425970, 16987293799841501312, 3978709713797651292, 16444622262260059437))
seed:  (13248007138011881409, (10855316955698113917, 1033233201897069728, 7964646910760293128, 9733967851135022705))
seed:  (15871139192124001038, (16240652811612169158, 1674596886524563259, 3195128139012763555, 18378856192289506172))
seed:  (2879458040461333202, (12732208857422841539, 9789103931107002590, 11169987778435029242, 2233463433004276324))
seed:  (13746595514896910122, (5254282719920410107, 11930015697384814893, 14954023223332282726, 11278474625735136557))
seed:  (15171596917612985925, (5225790488605465160, 15519693034539743588, 9168065399351477690, 9542471103195848565))
seed:  (5309677911123540935, (4159143861776818843, 17812639657825080636, 3374049004759132304, 7924023400421126889))
seed:  (7724329998545655363, (15379798869873273772, 10282875201585441508, 9003516744978884839, 83584937205901694))
seed:  (3305340467443363329, (5983856432528384307, 14387001215313810749, 9504402385742339242, 17663869610660232032))
seed:  (14403111702857135707, (1629861445825789216, 15677909572313674606, 12370174718050245134, 14588726160520273760))
seed:  (4349283604329617688, (4265253556170480065, 2795556953059504646, 6853426534779092712, 16301900579951091337))
seed:  (2066221100507010993, (2699074393164003076, 2763951450138335797, 13926885179795776773, 2221000567276303768))
seed:  (6610178845066561239, (3469213923705769970, 1487180816135571101, 15328070248120295626, 15036276166640397452))
seed:  (16448041446348814344, (17903925534017681941, 3724077670233751592, 7625998050327343814, 13812589900789312336))
seed:  (13287048367499921432, (7101778759758457679, 2638384406479781114, 14352805852670626712, 8255409728203564797))
seed:  (116219161057555527, (13792676260751351644, 13553787160311190990, 11644513578906148801, 12575711402212965753))
seed:  (13103412552319607976, (1295505098965303540, 12229318609683967186, 10774228995541250687, 755805583613598916))
seed:  (2463869667582745531, (7985039703203422930, 12937970410571987840, 7813748775208618646, 13895942218234931253))
seed:  (12582746191624133835, (15658943732724297401, 11936599781795008468, 8489156446520790850, 16727619007236644314))
seed:  (666819168162856717, (7663345007440777161, 13541219815680052862, 6677514928107024841, 2184947561546635616))
seed:  (17232031947331475872, (12567502746908055551, 18159375099893805559, 1083015618341066844, 3960338375029924589))
seed:  (16002677138249435627, (17052952569753661168, 7961530880564921434, 16637828939074868670, 9893164561746963292))
seed:  (17865310152038477499, (6768834303550381501, 5962611733485251215, 5829675006916259008, 15616277890669009963))
seed:  (15086035064815318804, (9919925691548148259, 11624092982034877619, 11699815859432054262, 2880350025558798122))
seed:  (1873465241385652311, (15932327006067249819, 4475810509666468342, 695726409622522320, 13750073577440687707))
seed:  (7091740785394968241, (5585857133661839348, 16121540624329928189, 7020226719033140281, 4915091413696354788))
seed:  (2722535032455218815, (9539794706507160456, 7763330238945809436, 8735218882363660868, 9366305361838220259))
seed:  (18389694194000490210, (13224755000229125560, 8432495116194976951, 7752181286087978347, 12421767718231963160))
seed:  (13308518126278188362, (7981678137545632017, 743416159801588018, 7211216946645177532, 1235168397929988273))
seed:  (13899828417832624937, (13243731253751246359, 563301874868615977, 1901520176782497739, 16085136911797126007))
seed:  (6445306949771450668, (8185819333502509136, 274985803012010170, 9141283502347579404, 8762842157873811917))
seed:  (17168805125625792175, (17703397936392983958, 15627269683127790386, 10445161557054552740, 10453652976718989796))
seed:  (11189520121033503860, (12664073841289156453, 3232060585910517716, 8881588872884725285, 15124064875875355975))
seed:  (18445144578188103964, (16671367008946255996, 8589068947476430377, 3906106468155266211, 11782900392064634103))
seed:  (14562671318843432454, (14817278940148150996, 1504552819129158327, 10098558041537226654, 4217788676928493155))
seed:  (15575151379502752163, (4017090297809935121, 10448145095211038812, 8489111108954014868, 290036047295947779))
seed:  (16972945758509337298, (16721011363450913962, 9088693044864517529, 15786068546139654963, 16131630842988130132))
seed:  (4640299377212865391, (5352317732974010773, 9558670985731914755, 5068650824721581257, 13811433922646791308))
seed:  (16186266823942770221, (10837001923997945310, 1235334558043717665, 10578588397382609599, 2480023434957735625))
seed:  (18108006315027851271, (1612491950146309421, 11650447736063092909, 10387006512717992282, 4765679021703960854))
seed:  (79719342677132868, (4493673949411232558, 17231281399353867596, 12930040679303767099, 15725710511457549438))
seed:  (1183509515204842262, (16852883610080369417, 17044949082328507143, 9923111366081472571, 3718704865398462285))
seed:  (3561572330758114797, (11894643603578723106, 18263731169512770790, 4170527624701865015, 15673123710080475212))
seed:  (8817953919567480160, (1117645951881111191, 6865720935895704197, 4339786981746606168, 8259474757288653986))
seed:  (9184781992150725758, (6840687754156746645, 3001862045347135541, 2350554386333369483, 16820145303069704757))
seed:  (18150581621405715664, (16731026188189454426, 2359632603211484505, 11255338800434069818, 10192704319927886076))
seed:  (2283869246363560094, (10823462626764003387, 16639254464551745041, 6967819667685840997, 5526325853404216723))
seed:  (18296860127679048619, (3180719034561134026, 10621224076938847185, 11994721301954016752, 5180487279344255867))
