seed:  (14952579508793473355, (9899982788938582198, 4942876301956217531, 625291631210367832, 12451752242808508905))
seed:  (1399364114576168537, (4529581157120468873, 13967702083580982727, 3502547918868499345, 15663077161250779225))
seed:  (17643567365294765347, (12504996251666101579, 7331403077402164532, 12638694155845504679, 2370484323288137620))
seed:  (1532743129389356523, (6997812533870508063, 6296902861985262684, 7376747774400614491, 2239304826154965763))
seed:  (8182019056552239435, (9779279858293813917, 7240020517957447272, 18321461602440023883, 16186391768610615872))
seed:  (2507177676021040383, (5977494264276018440, 915819074428633205, 5660466119721884137, 16890428514970618557))
seed:  (10228271650110090015, (8558936027777526331, 18435252699810236469, 11797283498269215675, 13163197237233169797))
seed:  (2820219554385376813, (3330123892236758031, 9437161665673364704, 16512738893484616993, 6105412340294531517))
seed:  (14742030518723927471, (11039204758368760123, 194233144688499878, 1708503588629083138, 11898302292146516132))
seed:  (13701556552974359833, (12739944807713402872, 14082554598939827370, 14076025450449373482, 2279936602005160729))
seed:  (15779741085900114695, (10830604432739471105, 15787580596605622104, 14333360054709323834, 13778444087979989407))
seed:  (10084756378038573100, (3257538753733430207, 17195028353740158891, 330678076853664127, 13611560549049621886))
seed:  (17837320629700885110, (17838080805488841856, 6779363165876869058, 5761491264287385552, 14324608387307307373))
seed:  (11532871729816680631, (3302997654543361099, 11944255535406111846, 11655828316077428863, 9930750317662696186))
seed:  (16909790295143822315, (13270136489427444736, 4476665070265137535, 7635892207529919372, 12151998149523925492))
seed:  (13690746205753767455, (5002670220620439102, 14490312891926055568, 10632429449846055211, 10182789200335189106))
seed:  (18398227514120646535, (5278148146706108517, 6804647896084178593, 7167768349207923143, 17115769068973367238))
seed:  (7872107641413437124, (16208106674657669460, 6176679102594628756, 8509699526870516067, 5365974056065920483))
seed:  (6247426321398402034, (1651936207731683369, 3425886425835944208, 3629812211290211546, 15268832552941927448))
seed:  (11266304050386500807, (2413882230473313966, 6664087956805981302, 14148636085347899372, 5917120833130620339))
seed:  (15699558417698088676, (1118400688915276871, 17492075830364693516, 6086955420058337033, 10681891506585879746))
seed:  (13906525403097308653, (1297258688344968811, 18427639289893675175, 7137592547011203251, 4224284603730587998))
seed:  (7695658493495649266, (10874654356190545431, 6856769591167794831, 17145263378777601402, 10456539663348597569))
seed:  (17240051118863270189, (13271294774761968820, 5678385507885081084, 10062368394636380954, 10220812785908536836))
seed:  (51459624021166710, (7708055272692275514, 11863955420537322202, 15836235047484814986, 12391040993950992793))
seed:  (16027429948127315087, (12960502454901551363, 12652652784865754252, 7692722276769565712, 763876760646000740))
seed:  (3021727747341836598, (5847667767034488378, 11330757703994577876, 3048727387315957508, 2744149527043612311))
seed:  (13279497143808766375, (6226519741149062489, 3603907940607625851, 15378567459577326014, 8584476332751252111))
seed:  (10454105957720318473, (2128978728125346170, 996709905027627472, 7972272287334348146, 4490919508230991950))
seed:  (16127674570111329448, (17989176860390585723, 8563651209905039730, 12256215279481450975, 12725700923979750081))
seed:  (2378600447383002490, (7688668859442590803, 7978045213117515674, 12460678160542755954, 5321472032497480017))
seed:  (12950063232150621866, (3275301508497768740, 12300846610448426965, 12978280721399841820, 11119593875493808372))
seed:  (13529613516014121904, (6708692554757071391, 1230898463194661864, 529139369351566111, 9204943651534447314))
seed:  (12553546812505709998, (11261799505378501452, 4601447884370984265, 11020911182498370596, 7190412319694146014))
seed:  (11102539910151384270, (15228821867615035446, 3025380835327423972, 15523178592478148788, 1411947567155331208))
seed:  (8153863536014437778, (16130357267276075215, 8017951944377580555, 9270932375133164226, 12023860783858105043))
seed:  (12517295351808639984, (9295753758101195507, 9360710734377669036, 17956215765129806052, 9247216891870306111))
seed:  (1118434441496712066, (150540087127010792, 7736020792948848068, 10701523236508075798, 3652167507686266624))
seed:  (3169056210132758292, (16711136726819804028, 6993519167333467314, 12525444055525749603, 3276150632299455955))
seed:  (7260051451002453320, (14133026581037581618, 1388725122672473578, 1139077847184017227, 2792954047427517757))
seed:  (14073913036161356380, (5229600746206160355, 12555790874546768750, 11659654140090935147, 9602119850945608068))
seed:  (2399596856235029541, (18121239265628763250, 6417666946055204907, 2513007622319601354, 14983603936531910685))
seed:  (15651307253047400885, (17538496880626885625, 17489768732060669010, 11207147782319348049, 5872557157616172899))
seed:  (4825735277603437177, (1052711920362032612, 5545407621802283764, 6741365523772440808, 9568960111469269698))
seed:  (4031410538882957180, (17847675442251238709, 4488660469576862922, 16250090185494770036, 12801120466101059744))
seed:  (13538757780437841986, (4964887626636128612, 5772472269264278194, 14735804934377478934, 16164436380777447728))
seed:  (9928699893459210616, (16654693455175355463, 12869214113420562329, 9325030140941478649, 15153212450724030849))
seed:  (10100914254872725230, (8399894785080879507, 8634802605807191707, 18087524570636374056, 17462720108832043943))
seed:  (9741330646585859455, (13243008224704391150, 12959007192070647492, 8480558368092436207, 8710135857691485857))
seed:  (9680956937753010784, (4997986347472876258, 11193627750079128440, 17412956343097106461, 6765445545427403196))
seed:  (3915846641152624758, (14670596444884438239, 1003364329496058720, 6293740408544715167, 9023291356781840914))
seed:  (15440612339285174286, (7850731414848957591, 6323498704462206445, 15903483001686968784, 6216267387219236703))
seed:  (4690804101536711497, (8199598900646834522, 1786359109514300816, 4200817861032936440, 2257127010642998431))
seed:  (12124673258098474844, (14529115046562798882, 5325077003170405982, 17490703882220197338, 18150558421571850246))
seed:  (6518927074394364771, (7692807758421483183, 5605974762934469594, 17487380629017949702, 400345094621404717))
seed:  (4592592892270168672, (2636149824212748790, 17271455413910980730, 2677526351813121514, 5476633793567854183))
seed:  (8105258105176287222, (6309413869287581087, 17934564750714815176, 8632472908342509837, 5400480301204129372))
seed:  (3828356450184734597, (12528027972355011427, 10298538078582209130, 1853777175725268499, 6127437298593157637))
seed:  (895784167793621060, (193125486708407271, 14459064950339569117, 2379248854199168131, 14086579838411139913))
seed:  (17537591263207206828, (16713125113949881279, 8907822644094154084, 12797007422961370354, 13601836671181395538))
seed:  (14522434061173570311, (13797877641008647010, 10364271400482469574, 2340282611521561239, 15947979363590686778))
seed:  (3943422124481811678, (15218025535003052999, 5364194710147165669, 952122170916370694, 7467902983715520775))
seed:  (17405699414627467828, (4270215827319259237, 962923880937804734, 6135963290377045152, 3133830904548297499))
seed:  (18162109301881731619, (16007872885551502598, 17338213505110575473, 13376730908335143688, 11902143876577631911))
seed:  (4788684368878999639, (192977916959233450, 14985605784074982946, 6734317529567201123, 9226109784148685688))
seed:  (1849830316632825629, (14075650940395053543, 4004172667337274139, 4015827140160892841, 16069988356531093420))
seed:  (10371446464651437601, (8445051739144505761, 17995359587039749666, 9764187681199017918, 9686452110970341832))
seed:  (3013174441186938976, (4215194410456161147, 4877216755920650408, 3937534606181068677, 17668019206276098749))
seed:  (2918752590100476272, (490089688414916894, 15973464018590138757, 15456713161314983548, 18321716858662985365))
seed:  (1806636538774870472, (14654029460644434639, 1026824133920255327, 14818748006879692184, 10317400770483048580))
seed:  (17703102374606286846, (16288952437749894374, 14155141937646999460, 12490576085385710745, 5589825794440905157))
seed:  (11179487560170003149, (7365036136212828543, 16233107822261199176, 16629108728276717180, 12499495628236436998))
seed:  (10077977321974047648, (3160489074334805660, 8636003091214890692, 3774581086562919001, 16999423783108339903))
seed:  (12648490312298981676, (7420268143465381586, 2985240661480242902, 11269343782984374447, 7275642764467252000))
seed:  (1981218366197283978, (5008689683148851848, 3120459962889434031, 7908626826776093856, 13909221487514096863))
seed:  (6898288140100955984, (5213089600096409734, 8674822383075153221, 9573341080105106659, 5364568847520430640))
seed:  (18265847252338576168, (16266588622903907923, 11550653529001884170, 9521506923408565610, 12327103739067686566))
seed:  (18196427437619298849, (12170014922410248027, 11971024689652664854, 11862001704599181538, 17815450267115074407))
seed:  (8585173985435496321, (5578022583636391004, 10377951463531224512, 16805092652765266873, 9224759865407404182))
seed:  (14155434092671150267, (1905955219578234609, 3838236875012997548, 3865007963908650455, 8477498547741074319))
seed:  (17073346589954467492, (16069934323069112203, 12071827833050092673, 4177008048775595077, 174080118523360434))
seed:  (17309233974877638717, (18355058960465147183, 16657241932109402047, 7355225251844113782, 1727059531362436027))
seed:  (1909739728584623573, (3370236552842030879, 16969133128783156772, 12610433693936440778, 7601433062905850473))
seed:  (672464448765759835, (13969399037419681533, 4091783824806319301, 14658391715914725025, 12931765973488788894))
seed:  (61886620905598394, (11828798201446622386, 8721868087568404019, 11512105615661634336, 13492105922049992538))
seed:  (11727553907010328175, (16518228683827873149, 2574930988984116793, 1311298841269054991, 10614856003647142229))
seed:  (18342004159602338852, (11211266568103978759, 4368694215107210068, 10432407465151520265, 8622528486866445894))
seed:  (6040980137988496525, (7953589029419632556, 1007249167297374829, 1842109912019324610, 8102644393833377146))
seed:  (8117378139793332155, (535641492004833959, 13482801002144200235, 5342056691126006445, 11991579108989018904))
seed:  (8051583059101812550, (1475226111052348836, 9765043694360383016, 4955299091399797794, 1095821920952352659))
seed:  (7164462108222830700, (430873960072327102, 9876190985574941413, 11843537280621014542, 16271152590187535079))
seed:  (2534495492313903280, (12659654471138596853, 17363410835218999519, 13928341205070330932, 9204059251083452171))
seed:  (9358060797884141024, (4293184251379566997, 6488798422362098899, 10396890252103202565, 15777990068338101454))
seed:  (14020091954130253367, (14079483041168479178, 5884614895123843919, 6973712066673966939, 6161003183260710622))
seed:  (1224060769672833099, (14346192176705024766, 6615234840503318034, 14950269735944891200, 8664072912285257383))
seed:  (9583150390703751415, (17202015668828942376, 14685568305648136491, 2995536665677593125, 17089033504912406488))
seed:  (17219242533848873812, (17329179734446803951, 11322142412934938693, 12708092979452147719, 7977542300996119656))
seed:  (6287197167398461261, (5680383710055067716, 11035671717440503681, 8843308560751024099, 4096025682451407351))
seed:  (2404794934379286406, (4930695952787278857, 8926437842783360695, 6006867292311549226, 6413149619624122669))
seed:  (17613434807603145659, (17914667106981779815, 18386901902729822267, 18271676828064300046, 12154960917432429941))
