seed:  (12253645354860196486, (12921781012018295188, 6132091759943175590, 16968302842181388606, 344048623680093003))
seed:  (6059762121299841161, (10900264544621864759, 15375491415307700700, 12766213985437836147, 890489406688606727))
seed:  (7750288711927431595, (14439534310304795232, 4623142260836430383, 18249716353295945590, 9469983826021062514))
seed:  (8331403820386992883, (14301148093411255694, 5032856432319206693, 13277944452766736806, 4137031974481591757))
seed:  (3863523976995781017, (5721251494144767102, 6502655830991120643, 11071876110199964604, 5071913800061945533))
seed:  (16268453231977670723, (14299938395541111048, 13237050956215397157, 2954752121699406508, 251580717690395))
seed:  (1627858799273426762, (9356421391140669734, 2751068964347623369, 7143306110363487422, 10039950394920617128))
seed:  (919517321839483788, (3510307018354800012, 15139913126812662943, 5920070657769699630, 15388325459560499523))
seed:  (11887122631085163811, (17339664892638790479, 5081710631556427591, 3613198418232896914, 278431708225496034))
seed:  (5460201167521247815, (16206802385065122555, 3780774001911838877, 15472701225503606711, 9099219356065749949))
seed:  (6492333047988029648, (4571059530945973676, 6561853870389211094, 17020374061409287291, 12062531754560773193))
seed:  (16843158702044971205, (16966504328769735297, 8691232805713642378, 5475680324663907951, 4230868937936753677))
seed:  (4875014876352985719, (4239994053556140856, 532322012607510913, 13324711953948530013, 16782678250436618935))
seed:  (18402993621915700000, (8997526330850413287, 11188317956774710130, 746940277471712951, 11947902800913424055))
seed:  (2721449880645190821, (8886675537484754112, 6544472767540067402, 11357455912071432524, 11670701691653533087))
seed:  (3750886830067189524, (6014090885640601489, 1511611047788087142, 1750741575715718903, 1451125805439303263))
seed:  (5754093605586464355, (8471967220648395444, 5235638326938954938, 16231831215372525042, 9639513708531570226))
seed:  (17311060144008057064, (11424283118550390821, 1160374308405860280, 12051705880187404660, 6294501865602664641))
seed:  (826658763309995492, (12826705658601484435, 2086719577540414543, 13574267789294312367, 17638786546304779305))
seed:  (18186715978252810244, (17370235414698081171, 16540640450483352500, 14432741466634694564, 1759226637257112845))
seed:  (9357003677570684334, (4233113745317789710, 4732535016171642388, 9401572824422057585, 6797570622311328228))
seed:  (7145873225484931633, (13320229087649281098, 8816452815885024195, 18355949862949901600, 1823143402668168426))
seed:  (15264500938963778314, (16527836474322360119, 12335956185989305915, 14843698954062931817, 10341847073648704753))
seed:  (12230210714851580087, (13351504160052584261, 867201883263636819, 921596239410468905, 640322056764076918))
seed:  (18036231792977751918, (60614392921287084, 6274940612940720102, 8227446590039183365, 17228419636817863802))
seed:  (5787077194698667099, (1359726006591523466, 11457419234572141060, 1316481543446951203, 8340190211119351336))
seed:  (11914754049259573226, (14690130357854886811, 6467562319255337643, 2608829379069681223, 4343961814934542834))
seed:  (6245598371143683864, (13604498363001928967, 12766524215548565871, 842445863993034263, 4729733748491948881))
seed:  (5098893711872440106, (15799442935278731754, 6330732439209393900, 13348338720494346681, 3718863291879051348))
seed:  (8620401151548491358, (1891853521316442648, 5157237058313416946, 15850857614443546237, 11740910205050202935))
seed:  (11120804065010538631, (16493655025103069226, 8478982491588571929, 4914878308403179614, 5425732230384159543))
seed:  (16824256048979678131, (15912179627035089155, 8348075446730985217, 3836790939826662158, 8471233682743969554))
seed:  (5283175706440074797, (9187570553942763756, 5679614861868225062, 18415091605714991122, 16856214520825691129))
seed:  (17302781412853583048, (12164101237858426552, 10999041214158134364, 1348846388685819248, 14407902288343222177))
seed:  (15968841465423053968, (2190599046782769720, 9859244537743524052, 1439051455644004749, 16122696496327612763))
seed:  (3985583322655139707, (5795420539579664822, 7749907722309502527, 11977813396700351976, 7201949470930447895))
seed:  (17601697832380129410, (13274958224984028308, 8904947504831144968, 17707645344022680444, 18189208712813155789))
seed:  (10951584934333149337, (6181827235064152572, 11319741799001491080, 13804716033164463467, 13971472525613890549))
seed:  (12134654403447387752, (4810432127512538574, 9051509753162938933, 5692298349852932317, 17746811602623115637))
seed:  (11338952984714279060, (7585377835568524403, 16575066389001204289, 7343876678249181399, 14503566291423012076))
seed:  (5190532143248044297, (5389232086831183632, 4124031103998247108, 15113158464716281880, 2233030589189515345))
seed:  (5376368132425566720, (13955861957961225865, 5394697460093611064, 15215296585948631693, 710634191140402565))
seed:  (4743682144108961988, (5275580397096910410, 1064374279959148165, 9659125536583935169, 1815821632204535896))
seed:  (13146653454555855317, (3162001859100579760, 10302986227320006282, 17872769788665832456, 13756662773705262907))
seed:  (14442026102067129019, (35114934990571459, 14624621664209246409, 7534481149070523229, 2771029521508466606))
seed:  (3742408593854544038, (4645241730733592546, 10549145113987489880, 2313537514320337431, 6190417966424486447))
seed:  (12877822293906475543, (10785969080814562647, 18067529619520598478, 1728816649461893321, 10724231809122473833))
seed:  (13781761566748027317, (6958632054912269214, 5596667099500987533, 2550893751807706706, 5443600829773437150))
seed:  (13150147572092433135, (12387639868315867746, 9345189311263739052, 15004730396442772006, 14090257910055430609))
seed:  (13988056152964506611, (15151190109040052999, 17954439163575649, 15934175693317933364, 9686952389019312467))
seed:  (5152588321748784835, (2283887540954800712, 4486158669886843993, 13409503809948297796, 2561888033563063675))
seed:  (9388399716414202544, (14111918591781832636, 2804229449856872660, 6675996410080861025, 16401018974977858524))
seed:  (16929287242572235904, (9718998514714297297, 693393328722823921, 12827126775140800348, 7738609427018247183))
seed:  (12933010954487402613, (2944430353333537979, 6948337686758273423, 11242514899272007339, 10212039099692035737))
seed:  (8353778296852025281, (10878421022306504903, 17529959885965644496, 3751897355922805093, 10803673636328046353))
seed:  (17215059157253821329, (18062156606752681499, 13675927636196874780, 8849740343484336599, 17161806262009179330))
seed:  (983408116010990276, (1868257726660965584, 16151015147070904466, 9366897610379549197, 11204127462343001170))
seed:  (14931955249198619625, (6328688710076875577, 5078588120160643417, 5726243425393206218, 12934953725888636362))
seed:  (8210169076441837884, (7649834013651676609, 15492257295454846074, 4811854633064857858, 11752554628575905536))
seed:  (9227020203142169255, (12901752040415173333, 12062041897912190820, 9539608368650904054, 1646080335591301848))
seed:  (10342096070076535744, (9522369304427780036, 14545613679300463585, 1074058821909279252, 12180290041792113757))
seed:  (15797095065525338258, (12680221905817937185, 11934170968315433589, 12976767235594875385, 16970769020957384197))
seed:  (12740046334606344883, (2035177505306813886, 10128879825248545402, 10794116292529073550, 4897602498893643441))
seed:  (113196337149970564, (16299784466839810032, 13310881680992048175, 3396570286532559948, 17344351974086667975))
seed:  (15321861955649622785, (4494140199713773927, 6964809077373762816, 15723462402135571425, 4595817411177703118))
seed:  (16759295769913581401, (13348527505284095124, 13638579872426261090, 391407856147713131, 4328461293737971920))
seed:  (18198497693798650145, (7365981237303116776, 13473444351446771143, 16871550566921131361, 5916031564874531877))
seed:  (4347150076123775635, (14551969755785577555, 3419261925947229690, 5025692952288744885, 7675124968131112931))
seed:  (7319518177740760021, (11905600400515264969, 4947435305369085386, 8168689217809000819, 8893556469350206354))
seed:  (3220084212734999379, (16284868259926943679, 8531890828884497155, 9866878955172353371, 15385254704181366273))
seed:  (11383481300054964037, (5855195291686299966, 9489313767941099589, 5342817852570163011, 1145709410408435896))
seed:  (8936913768993953720, (14476051697367241030, 4173602185739304703, 2608932474851709552, 3995549531290163695))
seed:  (8804030645797367511, (14825592053968810439, 8347153596384714980, 16484076335322308989, 15366127556416148151))
seed:  (1122354298550505573, (12297979604146678945, 14598947279790825779, 17098884126916789221, 11336532443611697293))
seed:  (17200587564024753786, (258783981588135943, 17477844184632453646, 8993750496884818534, 17198690541112481285))
seed:  (2090576195966330387, (1978785332186489133, 5568790525428886920, 12540590285509064173, 6992522278881258702))
seed:  (11105305944535760552, (18190577450318817007, 13299977902290879780, 12482214116676980756, 1121551058056135125))
seed:  (1751459700104967611, (4878768057145688997, 16259422533688223214, 18400307848801194828, 3686647402205536143))
seed:  (1281165680364634375, (16425817222712767828, 8970280682173120742, 9664438580635831056, 9500487572209247657))
seed:  (11244125869282387453, (10924889456257321713, 9279561150871792549, 15108512823278865591, 4262407632627727225))
seed:  (6951753506940871051, (10638108863510107509, 3196982925045381975, 8237684963063359460, 181319440304984310))
seed:  (8877357898890990595, (15987759956365678397, 9083751581972871964, 15855449212599256832, 13008832726985214093))
seed:  (5746071452074174428, (6381373622081355690, 6644826614721446654, 9013166276437569077, 14054456041182907743))
seed:  (735086227387605402, (13994524972587413911, 15084150377871246457, 1709897907340885988, 8681257048043510778))
seed:  (17017965306622054071, (15136503717670556898, 79152064712772294, 14499068524841745726, 11625505662944066903))
seed:  (15530579403733987066, (16354879976596077202, 8838571538671970479, 10550535413772602677, 1296731716302058686))
seed:  (3378873582828056270, (10295749296917626536, 11803071340343577313, 12003292296137576490, 16036022381115843966))
seed:  (15818193404773969466, (12904852704792239037, 12257667432739288952, 16639909669670359391, 16508392570948119535))
seed:  (13176299920824857218, (10133144844285781003, 10983581886149529051, 814823302530500689, 15164747935904405293))
seed:  (11397672546412845518, (8137052303503907465, 3478843574462686931, 8763868116492189529, 11513858936168352569))
seed:  (15818333131621435221, (15418580293435218601, 17113666772276977640, 3705505252556712820, 14736977423853369316))
seed:  (6628753551498062796, (9140564891570372783, 3835224553734854368, 8151455839324645403, 11294093829260197148))
seed:  (6141210039668549065, (12328688227511826261, 9746647208933995893, 14390093593365990808, 14095003652198944234))
seed:  (14984167197533803721, (6211561516835555151, 397106620544547753, 6147688022027005844, 1420689948856788383))
seed:  (10360934618811864667, (14057891045892712343, 18098588671906045389, 14919984970808003639, 1046608550218655232))
seed:  (1275525806791617467, (2859978494284713294, 1560283341610169307, 7746847489635952683, 15489806552649755812))
seed:  (14095479084430466668, (9238270254594609804, 9404369052618814500, 13917518872131224073, 10238903132747797815))
seed:  (3209525076006038239, (13157770034499874682, 5622037136298470432, 18340661775996320058, 16835978344962091026))
seed:  (2638259818514679876, (11034696910901431698, 910651265595610570, 17859521684894481474, 4157767464341128345))
seed:  (7180100289065530663, (13269684403153768453, 13260893429041335866, 10128198801934079343, 14272090291566193423))
