seed:  (16350209154250098292, (9947865994578984144, 15760847521728787520, 1558999598683774814, 13453436550441768041))
seed:  (535051155444687752, (12903573687050167266, 3513463861849769103, 8473616993059428315, 11931569155472928666))
seed:  (9065680465236018822, (9792082729003331198, 6989246052585272318, 11102825942116808872, 14522489536621044629))
seed:  (16568149988682531874, (16070810651835233565, 13412385835638315353, 12289720205310633698, 9271467212602700043))
seed:  (8383998850352375798, (11319765280067314183, 16964945386721041452, 1673935612054062028, 9756726110467782639))
seed:  (10611542759802464593, (15498642832720226720, 4441596472288224215, 14065096000815894153, 120813960539102569))
seed:  (13353858930876526504, (11656178464747962815, 8303832858358231936, 4230958061798759419, 1755662369747844413))
seed:  (11679224359273364276, (4986666574762578069, 2627707878582588482, 3853965459487844068, 3639628241553592493))
seed:  (12528302973675751352, (3726770872642752323, 296805785396110257, 10461798808664999048, 2395497525779312171))
seed:  (14777985185749754926, (13758541789874409141, 8097120218651056392, 5900787322582511633, 5824954477209887702))
seed:  (4656561008590110274, (12929734967459451051, 8316587896310126802, 5550177336992583879, 237952019624064172))
seed:  (13522798441341555876, (15297778425688458906, 15026950129437303000, 3253434145782128583, 5453965364133394865))
seed:  (4090718765283856953, (1626737836554000252, 7012097791566038406, 10821882401159948268, 12185814769058387700))
seed:  (3323789911092502384, (14617723237952761233, 1184364280120592937, 15503467533120813, 666760309515407830))
seed:  (10736679347532758833, (3983377813956812433, 13252511917455517480, 4922565764084515141, 2526918382196026576))
seed:  (7022529302327872440, (17157057208191355984, 525209713568825881, 18333367975007211866, 17914300393889932766))
seed:  (2199254879646550200, (9797979993916235432, 14912642468486168000, 16630135240455460930, 13492905265436354152))
seed:  (11488638842209671228, (1444671147837371243, 12904818596826826722, 14955164645475389788, 15568349567223164494))
seed:  (3921127119368078607, (12239083330167817209, 5269830916083578754, 14977924376328113088, 14621115314748256351))
seed:  (18313176448150944224, (9345216395917209624, 17006050247848165742, 18358293082778777470, 14414427250058027691))
seed:  (15895663881868868863, (16706344930286792875, 8712905131944825663, 17881217881349558182, 10928078352360840955))
seed:  (8269822479366419677, (12404193397013865448, 9094460959982164625, 7809819950473613095, 12870001487737501923))
seed:  (6339084217125737231, (3901742769285561484, 14829745324176748275, 5204515327862332760, 16721696029651750155))
seed:  (268204974304038561, (10676419968081978859, 405358120749825959, 6180785465639303193, 11670967323009795038))
seed:  (4303714242854694206, (17391918504993089122, 1927535314842892944, 6753314706082747401, 13324951271467810946))
seed:  (18209975583576586189, (12049402359040392411, 15884136222557709417, 7323752520513937656, 3070083339821299600))
seed:  (17057614735791406057, (4029210590879312578, 6880951767002124216, 14081860836217748549, 1166064204578324655))
seed:  (6223361192707628707, (8246055954015890585, 12739119490213595464, 10262367869325756792, 3319993050627550778))
seed:  (13864052509025057045, (2996259103890198808, 13322737238405016759, 12216071679391083913, 3571223372439604334))
seed:  (1391684312825912837, (8666130513730498240, 17092508481257688149, 6046364602360700551, 16532703076749834151))
seed:  (11812455765918132165, (11462443701887771795, 17663019448759503723, 14310695497450343858, 2774759996953869614))
seed:  (4481130688642912923, (9364336367175766677, 2119725215565932159, 1957483105673201089, 294193687062672648))
seed:  (9855727500399702784, (3700563328684386603, 2541743037058132288, 7663072825983233876, 15017670415057686817))
seed:  (1941846863390016540, (16326492603120771056, 4188639791594814939, 6144255184741968772, 12014921586928670243))
seed:  (1264319344064042379, (1352946888585826389, 6597116334632329768, 9904992155661965802, 6039625834404491098))
seed:  (7352912211192106088, (17819984053158830951, 8634570574883656700, 8843173628372239009, 17993140375455143893))
seed:  (10293749488830513557, (198950114598302993, 8086330192914270741, 9858274710889914612, 14228573309558789579))
seed:  (3617810191769541798, (5849685103946992879, 12146000802637266725, 16310651434784664255, 5381114706181595574))
seed:  (1548963708560324206, (13924010742702098619, 17096316401745252347, 8825188360511060326, 8564429360513442233))
seed:  (4063696640605246255, (476149922053883208, 15316441041276522071, 13373231395211572697, 4873293525870195453))
seed:  (13000828757528883224, (2105981783220440852, 2615400372565421666, 13519114354330646889, 11914466222212888052))
seed:  (12476532149728792352, (899462165827253944, 11045485855364690458, 18008577139423449234, 3184404337689036730))
seed:  (14770218380333658682, (5306882685655053638, 6196409701629185411, 5711817673358308712, 12643915321853818379))
seed:  (281306621423034647, (1097703090975220301, 8887063068103332182, 14249986540823543053, 16511810984649015416))
seed:  (15252783713981958480, (337178009272522384, 4000887776439621694, 15753458645822523655, 11129675384192111183))
seed:  (17706454382522620471, (6192705206637433806, 6499514799625477321, 16917106050429763875, 13849949465329037485))
seed:  (10399640294086114829, (7285561152925609688, 13562506061091521716, 5747719600522262472, 8320135330601748577))
seed:  (15682682641180614426, (9428866350952717126, 5555628513007998206, 4928991818037417051, 11269657114045104703))
seed:  (16978211225527451599, (1668068105193489150, 1333132384857394215, 8909296461779166007, 12957680179621051860))
seed:  (12194272155823361743, (12957546854167454989, 13617868596140951539, 17417677021661590370, 13713374412554225979))
seed:  (7530604006968320891, (2299996920969258282, 7619475541428920514, 11433038564511894371, 10817110423095733313))
seed:  (415371637352194639, (2532643017742765328, 13961602652914742127, 2649155481990474629, 11179659476744907346))
seed:  (7141602354247376800, (15478028803787733345, 6059734706651866775, 8827430902073403551, 3481495182062888593))
seed:  (9926244798825861796, (14628978183680230276, 9950462652726523010, 9000712499176695697, 12349176075951721493))
seed:  (77244076120028451, (16195517013263530494, 11326164649557755880, 10636514989437189849, 5154931136442180837))
seed:  (15184914761448195018, (6973277920657073411, 5080708823247592523, 14950241509690631904, 15764885157413475473))
seed:  (12497507917076266585, (7059854036693428729, 17630450027209562979, 7808097961613253802, 11986362048353094946))
seed:  (14892209093540385286, (16898495389723613636, 6058512638212640393, 9305041255455737516, 5034053338860474583))
seed:  (13579275259882621247, (1534506817785128092, 11314072529670911946, 6243753376887698411, 2524966677387139375))
seed:  (3212649518341520061, (4455666990757922985, 9395076242650183743, 6696593994748102267, 2963608089347806363))
seed:  (2423606548699894325, (303439876232430530, 7486712608917572184, 15430487175388944832, 11155641173779911066))
seed:  (10442150959453481709, (1642406667593554407, 1473153352369626210, 4200767327737673620, 492400451524498991))
seed:  (1031176579376992955, (17953695389566531147, 3408650783365593598, 12341855050165315910, 10003176301229633922))
seed:  (11000599296500887975, (15182987734392123252, 11372860583785683578, 4756383102318342107, 13989848308050705844))
seed:  (13885810845496578949, (13065969006999463767, 11533215213835960925, 10320656078488717772, 4255218200991846915))
seed:  (4015168292018330172, (14900009510691700581, 2031067575344424409, 2504718196595537263, 3718856833728473590))
seed:  (1519803465528177566, (2817591352358333909, 17874195526902249390, 17649562303879185288, 15544125311139058151))
seed:  (6921244232818814504, (8424010946681333670, 14670372398444098889, 4397278138698599150, 6430424018294580931))
seed:  (5869471002245991639, (15840264024727453055, 737772592214731592, 1074377414459533362, 6622581915233740505))
seed:  (18009363707499653224, (4854758922105658774, 13431383848681156944, 4509675134479876943, 10348778567533208618))
seed:  (10231670395470960647, (330723359817565276, 3369568724184460136, 12616660752415389702, 15642742047947377162))
seed:  (8703832559760261437, (14666798782406982911, 10364531631886889921, 8198822858912646740, 3408395082726348286))
seed:  (16853723472208778123, (12648995111737985663, 12542662073715374801, 4458172846405861918, 1973138859408824033))
seed:  (901892151991668415, (3746099720289421554, 14254695365089483691, 15484820475122439602, 15338589632244830023))
seed:  (3160354410815368649, (2092535511871462651, 16399656186910618394, 13674448292059390781, 12589344527695694264))
seed:  (7994681547463673159, (4444567311652444214, 7575071499240936939, 14633408557269509158, 15685602052025500276))
seed:  (11249735998036949391, (1030751782047777719, 4631300494832420652, 3280304706300756585, 17178883145753860687))
seed:  (10431370275028621810, (9094244890272707842, 7187497865264934697, 8548050952020091004, 11417805892950587311))
seed:  (9681958841549061802, (11938430309149362602, 11166255972278572565, 8478005573725063673, 17004123130614027550))
seed:  (8361537232025385682, (17785593321826259540, 10135826588219166141, 3426988133053353205, 6814374873813655912))
seed:  (13637552587870632433, (7065323927111293838, 4946350381620023880, 11285047528108471168, 12160200569771562579))
seed:  (14613478576616363350, (12145019507937690730, 9281512182030360420, 3989726469918808555, 12631580099338827906))
seed:  (7009291728699361871, (13082214361118747542, 16223700564003750253, 7214918732400200107, 9647919322478893453))
seed:  (3836044859852972166, (1075608251815510502, 12304400865541202545, 8390797025834509277, 11877233180166802105))
seed:  (1900759532006591085, (1762929362486161177, 7388384096904009557, 8655147185081328807, 11304717352278789801))
seed:  (17948021487492844451, (566718893903342878, 5809644485831180472, 1948688735142674833, 1925878205787698136))
seed:  (644730349779565653, (1168011727920995717, 15295973885612383687, 7627000242772407569, 7841994101658651477))
seed:  (15524993836420693078, (17131093656008507216, 11579178768099200846, 16418698550162323285, 17598366783311286016))
seed:  (9751268128848387858, (5398050656189053878, 13300378843434673754, 6291991740104807517, 17049988269440298471))
seed:  (2021207785683057498, (15928661485760086558, 55199513141097391, 13714190335020113288, 2977096853830030630))
seed:  (6372166584693261998, (11896469697005167131, 340887322416589218, 7476348266067148999, 5532801089595382895))
seed:  (8687535600947562955, (1092362928816831324, 15288800800066544107, 12588964049030580320, 17974641733062549575))
seed:  (5705836854678558812, (5788751159864781814, 3211907778298806720, 10892752377113438541, 15308217216956882219))
seed:  (5039615138445473126, (11843253244873648634, 17836447463410602425, 115432421554437835, 4838042986294357213))
seed:  (6422196680567307887, (5886484750963197894, 17940119277377001439, 16525411159147401795, 13085094556562290886))
seed:  (5021154301842535216, (13429021429717673983, 14522888379562381543, 8027264279539125906, 2104935436814419548))
seed:  (2456629624765393112, (14705976608263079200, 10172942811876341228, 10664177709951878411, 2867047525044908784))
seed:  (9414596469716731988, (15238733871280997468, 4764259745551821903, 8883418753007148052, 10228503258018710385))
seed:  (11671237953685834449, (2917341636083824704, 17260409025464425753, 5695994063316013904, 6284723040985886651))
seed:  (9283655607204428382, (15832114473027889984, 4473821206579990492, 13059351213530884178, 3665138020854724405))
