seed:  (8075689118348633422, (10396515146085113202, 18320969798343374920, 1936634420566715058, 449343063254962116))
seed:  (17299675287496716196, (16412808780178897818, 12070655284339175152, 12129306656780650237, 12369413013200462005))
seed:  (7648085770931965285, (17095810580519117323, 14403383234251679505, 18335581517753391636, 8380402087877638421))
seed:  (13212014951962551605, (15418183446998329300, 5501258613392404453, 16947809946785628530, 9244236938831888704))
seed:  (12705459519274704874, (2868166243895064250, 11910288524312633794, 10881807103456829988, 11260437937763111871))
seed:  (17030347998854079853, (13722488927389826872, 9693419349965732278, 10869047356577577893, 14034383162371444987))
seed:  (9323715077161103897, (16376669195392796865, 15014986012326900632, 10560870663075514835, 1883198771897059724))
seed:  (9273600225056599267, (3931544091514174548, 16178019826194248554, 16958389555406915790, 15375555431669299347))
seed:  (7916308837036100199, (8927190974930085942, 5549733074704384644, 6770339877641002419, 6895976309636623087))
seed:  (17249529407444842001, (1976442091126572933, 3755009393924227302, 11077529375465715215, 18282658415746738377))
seed:  (2149714122916069354, (17706591609073769663, 13523465859931026117, 3265970598513062669, 15949253929925057354))
seed:  (13014292429439404629, (3633943993960734199, 6980215001365279609, 5828887994681243091, 6241247237650313050))
seed:  (6051955179199455341, (3288114601272348082, 8013335591248959942, 13855745383940069984, 8768850870571731834))
seed:  (17757142048594368770, (4918217652003485920, 10431381671133139519, 14850234873711639662, 15305652454418654335))
seed:  (12328688296623677887, (17286968451521951604, 4575145869604051293, 4857675415722485369, 16906884101331606312))
seed:  (10669262311600880974, (9194102866886565300, 15396452220392880730, 16286973465048790377, 3140223418628586547))
seed:  (2762355838648812043, (291963537022584867, 15375763092963649026, 16459825720246057375, 9895469864706569015))
seed:  (127422810612039500, (12103255539129882512, 8442727447427519962, 6301127227137319492, 8574347816029674137))
seed:  (5038758463544994839, (14983593599733900179, 15887009560818236249, 16095329646426381373, 3897996639370855930))
seed:  (10060377899094572395, (1923883893682212806, 5665586155846917523, 13164470912153790875, 9551766529420632759))
seed:  (5172358115890900424, (3453008795690882264, 4793716085976458126, 8434785409249915354, 12747467031784650203))
seed:  (2008207768798836925, (12450895369300382389, 3194948554492610603, 3202618149932249126, 4097566634202795238))
seed:  (9432698456217182323, (8214400484753058733, 11174775115195265452, 12994775477826420301, 4180613243640374125))
seed:  (13043513684787728490, (12241957581610160985, 15139860343419559473, 15219656210206090870, 2143236337960661650))
seed:  (7019676524879644288, (1562109620635703719, 3909208398153986194, 4547884839960720386, 863028568389045880))
seed:  (2454778247881088776, (532329270375758985, 5512050334658257011, 14648034568839307485, 4218797406917577042))
seed:  (2734965748814276834, (18001725192450076394, 4468532071564954105, 2198710406010163314, 5861390912740481862))
seed:  (4598272628511621872, (1652831877024239388, 2269881221676974329, 17639168221304793329, 1418468916229516905))
seed:  (13157616551656998777, (14407628291498494835, 10819692024370103539, 18077629741459957086, 13099644562304300759))
seed:  (5965801951952682373, (6652542833998871996, 6540845208341304964, 1577838903477712665, 10905228828309120586))
seed:  (6142871990054172116, (17913303132585687398, 6674731577734403315, 2973745412733717730, 2167738615171850969))
seed:  (8790750502511272091, (7197898022933015932, 12969674826404957633, 3311354442887309876, 799123413674347051))
seed:  (3842351424442606222, (11824563738830256199, 8678351061343341821, 3196842687700073138, 13124202158711969820))
seed:  (9849240297032382726, (8593705743284904920, 16725388696090915553, 6251912679861816905, 16728821738103818732))
seed:  (1244380131566945088, (1240310169575256478, 16961381841406832369, 14819755566275026089, 13478929619679209682))
seed:  (4636919581678355424, (2959522129872677787, 11199219384982589432, 8563570576942394319, 10623371102520934977))
seed:  (14499372554054745937, (369090786885328874, 9098251135404775249, 5228274330579397796, 5530034659880568137))
seed:  (3048211867707774189, (14307642293095345800, 10133105301942220770, 15407352485976203535, 2025464881901870742))
seed:  (14126060656375714380, (10265730715787064779, 4293656686283669087, 14968748040775952911, 17462710701741108300))
seed:  (10256955248383975329, (17159906782774543758, 7230031384610025130, 17082219254598966082, 10577685708587129597))
seed:  (5678186593492713523, (6080363942375792482, 931228328083973964, 12752599912065595784, 15561820316857666605))
seed:  (14380481358676892661, (11836589419690721213, 12073251576314272881, 14291071863078908040, 9138102307474053720))
seed:  (12503330153119615850, (12819031700985298517, 761192880635965622, 13908615890207320349, 8718137328432700145))
seed:  (12762283356030530252, (9913130479639005384, 8557316502648711019, 16854046584626199210, 13346147509031912999))
seed:  (4061114545580557802, (2063091351124418523, 15226713612102180562, 8858831479583273603, 765991895699251976))
seed:  (12000948297058917031, (13926989680416327434, 8882260090827714975, 1462291064515970819, 12552379036246921443))
seed:  (6881198519541751978, (8790131637986493298, 9670792943937281682, 8771840349582203120, 16970781869326495888))
seed:  (1693830585662299708, (9586284624237034079, 15156983201895652302, 2154418282469837806, 9114012518942859675))
seed:  (17118672376737262553, (3789924169250655632, 17290356634545032776, 14117035331114833595, 6689041372015812368))
seed:  (4809061065362368869, (16944749824706757166, 9976450339848996351, 1209056204130865119, 2751377470887958146))
seed:  (8363747856040478284, (18161607865990928464, 1478001219688222193, 4849258573765127718, 3352200964721002890))
seed:  (695753723291748589, (2475545637809272095, 12011044453959312545, 16023108731159715233, 646127780162264026))
seed:  (17999229578244945350, (10592673082610368848, 9379804994753728968, 4101747917327389127, 12915949010627271408))
seed:  (13890312280779586991, (17017057711968108581, 907803750985362813, 16639034781335189975, 10647096804896097497))
