seed:  (4852204375534093785, (12253084507392929417, 1185577695575542676, 15323150498249609904, 12546769417492673738))
seed:  (12360609141697221222, (14218460429060850260, 11705204280928615252, 13546647185770003386, 1323579716838470287))
seed:  (962490707573892327, (1427074172665375442, 1480327259171923228, 10273143226936369502, 13672211587089014566))
seed:  (5209117706004551777, (14955754165713387914, 10550820759816285859, 7986245883481332770, 8703323154075193635))
seed:  (5733195050860111718, (6498435801730596251, 3861173369283098270, 14597277804439739009, 18073673668028269458))
seed:  (15239044583011049910, (18236299655504830660, 2495598303170208436, 2761269025226823404, 6431636979545188161))
seed:  (11051291840624568889, (1460037042291428440, 10292698019131830108, 16498551098392264461, 15712078029127919626))
seed:  (3825099977167266010, (4708696864590889323, 17776994056549711560, 17715378516951972470, 14580107770750200328))
seed:  (3318427277814689521, (15491662365525098749, 16547608087240092409, 17672778505048424664, 2992722736836969068))
seed:  (15239044583011049910, (18236299655504830660, 2495598303170208436, 2761269025226823404, 6431636979545188161))
seed:  (10927901733799348963, (3191693751711508545, 7880862922803041923, 7788911571179416165, 18329470594715770461))
seed:  (9198875853654421448, (4971901261208840059, 6749193589850043334, 7322194678141601979, 17162067701469516406))
seed:  (13444353315990506534, (9932055836438303405, 816360516681482874, 8224584890909733381, 16192416963807811891))
seed:  (9198875853654421448, (4971901261208840059, 6749193589850043334, 7322194678141601979, 17162067701469516406))
seed:  (4432287841168776549, (13128946413841882336, 629215839910191682, 5138015773829264543, 9886016014391356687))
seed:  (10927901733799348963, (3191693751711508545, 7880862922803041923, 7788911571179416165, 18329470594715770461))
seed:  (10766984012772788833, (13857344682467047257, 7083658468790604114, 6474602507309389204, 12007712904386934675))
seed:  (11051291840624568889, (1460037042291428440, 10292698019131830108, 16498551098392264461, 15712078029127919626))
seed:  (5348487639119531029, (11471188983561524617, 18368240494331817762, 12003114354935264950, 2164084403372825348))
