seed:  (2312062289874319109, (16714805767364683721, 13119063302946725139, 3155141346285072872, 14822155885664935364))
seed:  (14057993558996177818, (5873978479659534651, 3596932183955546247, 5883971062404794331, 17470846950084692030))
seed:  (17068167133828251442, (4331784636074593162, 10712459100413147924, 9846309268590161148, 13213359248290505806))
seed:  (7669611861066791217, (12918414573858432315, 3832312586919549864, 15440821882707943225, 16840932108129762709))
seed:  (1094516228020919964, (5536859142474695491, 12582629939685688170, 2486997955946441022, 8363507250066223722))
seed:  (11960138550684070013, (7752483848376261264, 2565882471671986471, 526736429511263459, 1632991271174116126))
seed:  (10258813976825254750, (14580728490303585606, 4231647537365235737, 8924622101151829184, 4212095832212263456))
seed:  (351623821811380391, (15488277632910060069, 9626320208241523224, 3131807520054963264, 1637817671965176389))
seed:  (1204898238100876419, (14049475418155851636, 728707062496641390, 2255955738454875234, 14098130042081935170))
seed:  (17176196198712876895, (2095813340725744075, 2388907266385834006, 2639248179836343505, 3037652749204081645))
seed:  (11565066971847775453, (9993930436484025941, 10992219125483753305, 14493455767453993420, 10670555454987771819))
seed:  (13228505918881075186, (6282184522066591144, 12943037740732125658, 15833856041042204074, 15752707580913145740))
seed:  (14087340508272195547, (13315971420205307402, 4173723384300135950, 8149667685488003045, 8301063680506399579))
seed:  (2456771940908659868, (1571789239697116025, 12715798442033551670, 17353290704191818192, 16465831482346549005))
seed:  (5367337320985064565, (140126391307486526, 14837443374376580698, 9420204694313176267, 3086310370020519754))
seed:  (4038774005445677517, (14901685017665863718, 12003284442840548520, 15410120590036939054, 12460506501960863536))
seed:  (16746463152491911035, (8992437696302888516, 11213851675711538132, 15985136042033959361, 15379522259352313696))
seed:  (6927604164596886485, (9853044370795874351, 15095897920389744799, 16601305456287281826, 5440122733455255513))
seed:  (6983071539564972976, (9853928061114846057, 4067982697248342398, 17868833240588569285, 9864778306452190019))
seed:  (2170863735234185780, (15439967585924707073, 16050663294347464849, 1552718802151696510, 6052135438252391818))
seed:  (4843729171784533612, (1931885017164433754, 8216543732315294775, 9674791211700934698, 15382497846864758861))
seed:  (12970497511505305025, (10018912267739308595, 5845906485056208643, 17155416476045964941, 16818581855894441760))
seed:  (443750886723623934, (1453089194388498746, 3021422229217618711, 17714613343140376191, 14468680173940715278))
seed:  (16182415190447466986, (5994799054028174014, 12338341449983052208, 11368451473202978289, 15617174220783683293))
seed:  (12510632941547441798, (6984359745793740048, 13496310872832491003, 14599179193543593881, 12366095101314456080))
seed:  (12697936199124282664, (564200295527731661, 16068094047368805748, 13410340538264248409, 2578580881357841464))
seed:  (2119465034024390964, (11074681455423892102, 15439094249552484248, 14338949408590220428, 6902975561940842525))
seed:  (4818665270338281623, (9599725987100371419, 14470797515665081631, 11472742887467039273, 8764627267261651997))
seed:  (3938095661925479422, (9019130255088775014, 7837631006796710086, 583737943435919687, 16466421885774547696))
seed:  (1674729498238230169, (10250853926412334827, 12899809285640055488, 7254652325837704942, 313587649446279220))
seed:  (7474758154366185049, (8175214945665477099, 2413184503014329193, 18356563798230795660, 8297065752992943302))
seed:  (155463670839960851, (11203257229115394582, 17399670572109579687, 6297986800567997454, 6814369156371558086))
seed:  (17647771303093103156, (1864293695766049796, 8452582245030928269, 8842169495905795496, 3633964640455210220))
seed:  (6451122300830270870, (11852493121481813792, 3020123589130634369, 15408396333885727215, 16296679467616483328))
seed:  (14035192893687355210, (11724127884600803389, 14173792424411283818, 11390760860815762545, 7238011038258187236))
seed:  (340838152891094038, (14554749985240307031, 10181734576260139399, 9611904758265804410, 8843612574024016357))
seed:  (8386862134127421032, (16035806131042043208, 583816017258648260, 9118700233455615972, 15745910777608781575))
seed:  (16808315004120166973, (1688095642897538004, 10256038089497708325, 10817358525085760790, 4104296076238328373))
seed:  (16863650721324644949, (5784319104004930574, 14730538039419047478, 1771706363291003100, 4134567126792834635))
seed:  (8850497761658740947, (17485952809510161336, 1019225043913824999, 7468807420697023173, 11408337060099182978))
seed:  (10679901029880821617, (15123679207692603178, 17680202084402959984, 13498460427910737413, 10031934754270992275))
seed:  (11536794406745724112, (10820071768205986223, 16271303524822011488, 17308755034007845194, 14659044912121233102))
seed:  (3904258217490418006, (8077154951194356377, 11746816823016936387, 15243640365487746748, 10128002608804230297))
seed:  (16139904582462389610, (1979668449016478609, 5042654104811551701, 1424122436326743471, 8862645737825194901))
seed:  (11980084325656585845, (904651220906383210, 2392815476331556116, 2884313439695862009, 5929916388076231403))
seed:  (9595027299146622131, (2323465713299806547, 3197801781381255556, 17053915599786003453, 8624232742822517871))
seed:  (2560589847336510038, (9981084090133137099, 17393309948281375201, 11396958341201103725, 10546124141420588961))
seed:  (8221602493883048603, (3548710913960497090, 4861657047973918251, 8416232094232781829, 2365522611020425309))
seed:  (3546562500218848409, (5478318574088437018, 16995910691201589149, 1452956024089889485, 1210312820198359527))
seed:  (5474327386421817181, (12928131740879569469, 3827373471282041746, 17258582383835697933, 18133368776265658774))
seed:  (14538270854508645010, (11474726856877498972, 14000947431786812267, 910888407997110582, 16962256615831958708))
seed:  (1986515101298024133, (8264024086996621396, 14126225184732239648, 15417456018979680103, 11083088970795994599))
seed:  (5197889580200994376, (8025764561416976191, 14520276285413124565, 4947459959969918239, 13104625723937840192))
seed:  (12865492304841097602, (3470321135840858227, 1334041009744593779, 2671232698133879291, 3452303469743769361))
seed:  (395971812369779100, (15194771583327819158, 12201481250806980243, 3912916245903887238, 2704433411892872109))
seed:  (2884263614807290824, (17935668407545742905, 17322799390186368345, 13671667461880140316, 1018989571535537431))
seed:  (12342112444402794109, (14980005200839458963, 15558655382228443258, 11536797318162137833, 4297230375786031250))
seed:  (2907554099677286592, (7533388902404728648, 15392411868179015159, 2784386343290324845, 7990958030296817745))
seed:  (328619386537354848, (14822665996010445010, 16151677770675111837, 8893084792097732401, 15987152299891428368))
seed:  (5009164915004678619, (2161621714291647112, 12621217469982390358, 6723073299635622167, 936773917163686685))
seed:  (12190382187099182190, (1604880063874563071, 11932975376942489647, 11158971224307408861, 1679840930960102980))
seed:  (5886307573729547338, (9332200079979869207, 16227602345935062389, 2108765043595832289, 2665604003661108451))
seed:  (3408496607486799963, (6212047354254495588, 4565516118223779773, 10971682300868564902, 15319910841403708063))
seed:  (11841236983318761345, (6462389074203656610, 13905089180353816863, 7760834685873453276, 10612333762839566840))
seed:  (2747983573641973408, (17625590032670565597, 2771470698534303830, 14796086346867250607, 521518195965831414))
seed:  (2022620954681948769, (11272374341543080506, 5124185808178339431, 12000878118749705985, 10865025049703233594))
seed:  (1334012909983061645, (18167715675570337772, 5475514185103315796, 7654529247683141327, 18027368686096793497))
seed:  (3530713226945808120, (10871295271873419794, 3011668918070569603, 7868183878901705848, 7212359523105013855))
seed:  (1494354288642424475, (7344474237658118079, 6384790760057177048, 3329400935415251069, 17358398435722145039))
seed:  (4141145794000915542, (16103315581864512099, 3070076188665157358, 10420937480067856193, 18351905660352785031))
seed:  (9799851714334281093, (3759345799498139438, 6096036578578505543, 17363936984699782412, 17197177723701357656))
seed:  (628002840443383914, (11722415284844715870, 10515238665209456012, 9301270387969006095, 2892188335493813040))
seed:  (5965493388058476200, (7355190614947212541, 15692429966418411068, 2661966561297362494, 5740407097566046599))
seed:  (3754604435964925582, (11968778646670161130, 11533516416183427649, 9081657846561144486, 15937573004098530958))
seed:  (12249373069786366554, (10728893343204060429, 10615678568525274788, 17844585651151294973, 3557836210678083787))
seed:  (3991683041250876816, (10844658916766345743, 8697634023076325705, 5119666959355512025, 5433026867964141784))
seed:  (10667058446289991373, (9084913160165531624, 10607289961095964824, 5492992656614016675, 9050520106078937595))
seed:  (629554919027290919, (14634621819317475152, 1890093702720083729, 10586376903329263878, 10297044628965709937))
seed:  (17652584596562105635, (2557814113783307361, 1416261257240874339, 15768688039988409598, 6232449851922619184))
