seed:  (2819263529514863650, (2649680829135283499, 6075406677897841002, 13856035939698441297, 2206063985372091950))
seed:  (2819263529514863650, (2649680829135283499, 6075406677897841002, 13856035939698441297, 2206063985372091950))
seed:  (3071441779397241819, (18443953185810864946, 7718795709597694092, 3639830332468153625, 2003684346150707750))
seed:  (3071441779397241819, (18443953185810864946, 7718795709597694092, 3639830332468153625, 2003684346150707750))
seed:  (2934763062854809449, (15811627761136941561, 171879064678437104, 11503199908387504334, 3770754177615020147))
seed:  (2934763062854809449, (15811627761136941561, 171879064678437104, 11503199908387504334, 3770754177615020147))
seed:  (11136167639434939283, (11840098862057105889, 18444604890065360403, 6733514900391096491, 16220981429788575369))
seed:  (11136167639434939283, (11840098862057105889, 18444604890065360403, 6733514900391096491, 16220981429788575369))
seed:  (5009164915004678619, (2161621714291647112, 12621217469982390358, 6723073299635622167, 936773917163686685))
seed:  (12190382187099182190, (1604880063874563071, 11932975376942489647, 11158971224307408861, 1679840930960102980))
seed:  (5886307573729547338, (9332200079979869207, 16227602345935062389, 2108765043595832289, 2665604003661108451))
seed:  (3408496607486799963, (6212047354254495588, 4565516118223779773, 10971682300868564902, 15319910841403708063))
seed:  (11841236983318761345, (6462389074203656610, 13905089180353816863, 7760834685873453276, 10612333762839566840))
seed:  (2747983573641973408, (17625590032670565597, 2771470698534303830, 14796086346867250607, 521518195965831414))
seed:  (2022620954681948769, (11272374341543080506, 5124185808178339431, 12000878118749705985, 10865025049703233594))
seed:  (1334012909983061645, (18167715675570337772, 5475514185103315796, 7654529247683141327, 18027368686096793497))
seed:  (3530713226945808120, (10871295271873419794, 3011668918070569603, 7868183878901705848, 7212359523105013855))
seed:  (1494354288642424475, (7344474237658118079, 6384790760057177048, 3329400935415251069, 17358398435722145039))
seed:  (4141145794000915542, (16103315581864512099, 3070076188665157358, 10420937480067856193, 18351905660352785031))
seed:  (9799851714334281093, (3759345799498139438, 6096036578578505543, 17363936984699782412, 17197177723701357656))
seed:  (628002840443383914, (11722415284844715870, 10515238665209456012, 9301270387969006095, 2892188335493813040))
seed:  (5965493388058476200, (7355190614947212541, 15692429966418411068, 2661966561297362494, 5740407097566046599))
seed:  (3754604435964925582, (11968778646670161130, 11533516416183427649, 9081657846561144486, 15937573004098530958))
seed:  (12249373069786366554, (10728893343204060429, 10615678568525274788, 17844585651151294973, 3557836210678083787))
seed:  (3991683041250876816, (10844658916766345743, 8697634023076325705, 5119666959355512025, 5433026867964141784))
seed:  (10667058446289991373, (9084913160165531624, 10607289961095964824, 5492992656614016675, 9050520106078937595))
seed:  (629554919027290919, (14634621819317475152, 1890093702720083729, 10586376903329263878, 10297044628965709937))
seed:  (17652584596562105635, (2557814113783307361, 1416261257240874339, 15768688039988409598, 6232449851922619184))