seed:  (5452538016944827238, (16083241232714006113, 15590332284608504341, 16468780113627108412, 2247642380892045456))
seed:  (16221852414954784749, (15328245851658908207, 6229489163543814271, 3075286396118035797, 4448118115583931173))
seed:  (2410655252404271604, (11681940453741879764, 6977668557500370944, 6468675640370454807, 5826831569264290124))
seed:  (5631171220423816156, (7469014641771846228, 9542431287069564497, 7714492855545533993, 7717713682632285542))
seed:  (11582948110062431183, (615008476308119666, 16251519969863258074, 17822069033459301682, 12714887838145411882))
seed:  (4648791193918414812, (12561208026169053959, 525748218909446923, 1241305650875797853, 9668362032920640490))
seed:  (8513598488995043593, (6367157885608989667, 13976814708191475403, 8863717808628410344, 15837881484080106413))
seed:  (17817707438489737349, (14673065575424319312, 12551190987664910101, 11092771557178201954, 14006445646985972776))
seed:  (5309848323359264702, (634149822848873245, 14510382302827691864, 16415889299275675200, 10173375077417880543))
seed:  (4949569233927818407, (14478355200752354259, 7341950527983532680, 4290200621064124589, 8839568771195761427))
seed:  (17115897998544605883, (2892105911037428820, 6904053709515529583, 13245271856037238770, 6798343394152716468))
seed:  (1218170536461107717, (16300195294668382045, 12576896343694164711, 2773407905240255354, 16727227417821029624))
seed:  (1116615886190374959, (3703762046873452452, 9573110736984081257, 16161076256086772028, 16647439504388346421))
seed:  (3441990642816234072, (14039700460282516581, 17139900656292255759, 14334886387922024126, 12203944659657575922))
seed:  (14469962266112671236, (4737343740885384877, 8104057964141808210, 3364712689771468826, 7117003913495449029))
seed:  (13335147048918938874, (15597969189916734558, 12503882316083420617, 1620998998739696059, 17025161253521486836))
seed:  (1979290541557186520, (2861335376250079411, 4971738560235933481, 5256637490452586560, 4879928278945975601))
seed:  (16957868837512383750, (12126551119902217055, 310236667944170184, 17839724363942530940, 13855107022400048325))
seed:  (17084519634550416828, (6940356281285591320, 16062136750884825468, 11268973111698100078, 11069735393316941852))
seed:  (18096847753327971468, (7380950547200398220, 1403372423189941211, 6818351288290606403, 876219445132927432))
seed:  (17165816909089747255, (8905591178970547237, 17537614604848688308, 11520147847156613145, 12424833337383646109))
seed:  (3806350508374461812, (15248565230652198928, 6289790643548918893, 6774531277942410281, 9188648445429629036))
seed:  (18379472314928295046, (13059875237234426951, 3893201399169901855, 1031117175659957997, 16329243537325642635))
seed:  (956431415432635141, (14432103931625361515, 15532060709482804383, 14391566438532987684, 7290126440250881667))
seed:  (8660616098114617184, (1568497372277944881, 11941839378041414015, 1394315775614964548, 15620655778598172656))
seed:  (13097431291574843449, (14770355053790526878, 11207586119954652110, 12087372738918220820, 792598472521892308))
seed:  (7683086837268718697, (11347580677699666703, 17529065281455316979, 10963781575697500261, 5477539735960550752))
seed:  (3675239248457523218, (4737089127036626965, 16310928359378970756, 14200548753308104221, 10560963998524310399))
seed:  (9613744212930010945, (15006190550166314165, 11617065855265565640, 9675634113718590981, 2540070999315512344))
seed:  (10662261675789438508, (13585775811711348438, 16318013148896542775, 5046231251291361902, 16736798816179213429))
seed:  (16811607544102923863, (9411728834956420316, 6279295195610128932, 18132027890194915999, 6878734225077151752))
seed:  (10198349506160437059, (10977180884571670416, 12906018826578008166, 6704902692779608661, 1888230682757475295))
seed:  (12682777596368916823, (9607230161838318654, 890078407613338443, 11216520606611933235, 13035603872427536549))
seed:  (9316085328392066039, (11270118330686494857, 17327821197256179851, 17228233655157623333, 7909090661279421377))
seed:  (12151927258957415045, (8442451935495524941, 13242622297517653337, 340321122267458350, 3553860926170509461))
seed:  (9644100513893968908, (12272834124603429736, 16953560718274046155, 8997291636543252192, 7666819651848503205))
seed:  (497307975776398939, (10240085760195194660, 13006005238968419711, 5877077091865239747, 12079532704437675854))
seed:  (15214019860020988586, (2636015526329947115, 17884599491525081759, 361073511622683064, 15228928416440092449))
seed:  (15259882288488012732, (8939464946547143641, 5290036994924009525, 10684968427520877595, 404955799367892982))
seed:  (10088408447131303101, (3723499215548899760, 2771650670713538821, 3602461903901229706, 15637312575488987084))
seed:  (6722843896341369546, (1225888667897860545, 12242587319983029111, 14438956047776969798, 4177683633137922883))
seed:  (6965558146995839996, (13689528595585877772, 15403632185404920734, 10820118784339563242, 5479860231043791955))
seed:  (9241486528579333745, (11730850160747533004, 2248037504704202235, 17564259311273277251, 663103791689209144))
seed:  (3685687174081421155, (6525048760843905050, 6725406384273321636, 12620129288331941975, 13753077339893070630))
seed:  (16399604156086063544, (12156668733421749795, 15108911102586437201, 14880719291928531365, 3423830220715379066))
seed:  (10405597678229425022, (12928524260313297138, 4026822301559086428, 17141579567807889971, 17335844097667961219))
seed:  (13277269088344476678, (11392716170151224070, 14881698186785445055, 352672788405205356, 11460926847935521137))
seed:  (143221125857677612, (919980462670370676, 17945294119844669846, 6881551276571755670, 4875605262332896867))
seed:  (3789891071084749477, (7666817659624578676, 355930160603891167, 15426121491949149836, 16774356011842758426))
seed:  (6812420403273386532, (12204951232881354640, 15812247178424917222, 9860821489494106532, 2853991625551212551))
seed:  (3004620465716660194, (17465205222968564481, 18127368489743702663, 13211458711070727115, 16856085130342776148))
seed:  (4684597960871250247, (10523523827697133399, 64642960074449091, 9296588328441792629, 14870643765352676431))
seed:  (680924859308334690, (11998668127513191622, 1318325366018168223, 3921745651846224665, 8219242449840791656))
seed:  (1181960374769399358, (16398102469748110278, 15084428278106151234, 3562114916854376691, 17441206145327764903))
seed:  (12162699247997088332, (8174955333916258677, 6123484116241217252, 15171182651501985434, 1606237333181783446))
seed:  (9584245451057714637, (10800710545128599124, 13180269073208666286, 14261965591368888025, 12687753478258431330))
seed:  (3111615674564822234, (11851720039315763683, 1748740739016249674, 6423823378308037753, 1723819775997403110))
seed:  (1835006656688460009, (7810873825977684360, 11346532904810986123, 2766417978006960581, 1084361100417758976))
seed:  (16460975343875278723, (16732045224235297145, 1263371899523946792, 4988969616197900818, 16872516131567567855))
seed:  (5469479847607116684, (1021035274379778339, 8999952422384423595, 17091228931760986916, 1192244229924543785))
seed:  (15096621073709642119, (315367857669785683, 8013963852607703246, 6333666677083083245, 5543897530803565312))
seed:  (18114183708663191112, (437746689954945936, 12918525211998449853, 1007386791817343851, 15867745893938056135))
seed:  (5254789286460782679, (5599971340091396718, 4051010221937314115, 15393582560723121725, 3252775031837435145))
seed:  (6231827284860977696, (788201937172415902, 53292664358547536, 10047076029198308544, 5080776832537815873))
seed:  (10138952897883556182, (16610888310920039628, 6830848937014254786, 990530538170235794, 9584059261284145565))
seed:  (5552685153552241032, (10016791568934033631, 5589591893646269396, 9174205697326675246, 14177029993754247725))
seed:  (1264966120992089990, (5888488471019399608, 5416536120542406135, 9039926255666789267, 912230152786258794))
seed:  (2148674074831931390, (9101506853524475724, 1787101148684798803, 2398882362613448233, 3480373433237460755))
seed:  (6468766109597595845, (8991623902429036282, 12438767319355885939, 16105730211242124787, 535542301493652362))
seed:  (16325287708760857042, (18130733849528676368, 9241129451043136545, 13285896366876064611, 17714153436403235846))
seed:  (10344469851549342825, (7834665691139325347, 16910557231092296072, 16206877319703079607, 15616268269312192527))
seed:  (17745434801278294170, (3353349222397611447, 16415599590145363752, 10118710444563294368, 16506001538992766024))
seed:  (6122499607258368528, (5709598287874689255, 531970319016454454, 18316209119115242490, 3677008733249541271))
seed:  (14050131808033358230, (8706764958730097765, 6822406530316922045, 8118567948091095233, 3295736388991385419))
seed:  (1480697066907768496, (4060754211311447350, 11603107011367186568, 2514092841096149672, 4266775606306168048))
seed:  (16069714644404694889, (11880561560064668351, 12100865931233870696, 3755209288073454164, 17567465868008003890))
seed:  (2689028959260156580, (17591423902965100182, 10963294594364136517, 9074701879352785727, 1617598891968368515))
seed:  (2351529939508428585, (5856367934947372876, 7648819290273811650, 3025474701492765752, 54080738773559784))
seed:  (1612097906439096808, (4666005832830012844, 6053789432897925682, 3769119237789336595, 2242454173547373880))
seed:  (4654804735180864716, (2861384929334894518, 13555852417135707466, 7931020230295350921, 14610240975214667890))
seed:  (6596958434138173224, (17434588841718353300, 7491793783538918594, 17072962196364686652, 17029699477620607586))
seed:  (7027218014502889293, (8262261619026714319, 14621297076022630587, 15150210261564903583, 7840546233567027733))
seed:  (16768839875788364933, (7072634741754573443, 5284995668213723765, 17617322869625274662, 2083427303447549271))
seed:  (3576359891909020932, (5788648236096934546, 4974633122478234806, 16116469072734669888, 14102029917376933494))
seed:  (16819531831806889174, (11001915397689748677, 1361772983644101666, 14280667709604913994, 17136632310838693685))
seed:  (6856099974226735657, (10055386101972136673, 7514678221423915253, 14579800583738243777, 15824728243316002833))
seed:  (14962794718969306327, (16002784927691372337, 11717002718477873771, 7209232710477519256, 5197035000396911411))
seed:  (8688437083436985176, (5864394197663208158, 8524808635264793527, 8594233663846191535, 5535964819884705300))
seed:  (276247735259855311, (5770796650894277032, 17485349083159253675, 11953315177670760785, 12890087084934419648))
seed:  (6811514169024216087, (8390638747666567749, 2568756372087433569, 13236883454861587202, 10339856204357171912))
seed:  (9695067063196317919, (7975520091593881929, 6424176181251158300, 13469202014944936267, 17356588601908026816))
seed:  (7851393178725592609, (11431426243579643725, 7113241173771432907, 5983755228218740323, 6568452304234074892))
seed:  (17325599944353854172, (6466854723632985672, 8869070173420775499, 5236822842244118128, 5185573596643837421))
seed:  (14947712603453132865, (4544634449879339913, 10244871923661046604, 5633707810085275800, 17563877643301705063))
seed:  (16573727268807809493, (2575920641973394304, 12961227487438803378, 6408248138479671803, 8023207520473484290))
seed:  (1470277893993645681, (1522500189383216931, 7689195968675656983, 2712682476067886004, 14655163909024394689))
seed:  (1228565017949551745, (11928422781930136209, 17863367123330069056, 8876867421283829164, 281585031147818406))
seed:  (6194700411445705414, (4467545098687448673, 11865735133328121647, 14353717545446175133, 17981075423663352502))
seed:  (6719908520856317157, (11105112918111381859, 13940200639927352051, 6732237837536962056, 156735537649183670))
seed:  (17412093189992501076, (678409463152748759, 5237279495581224938, 2094140240876527678, 14832065390470746285))
seed:  (13435773535108617448, (10074064063383416425, 13268872731412304797, 16950654965082218858, 17548105657602809805))
seed:  (3202076689003070157, (848864507153110104, 11706092710965870830, 10211938161902153898, 16012173633442919183))
seed:  (17670106348168292003, (8432778354519837350, 7625149355402950188, 10241334680638613326, 7845332041885417404))
