seed:  (13359272313808536757, (3462636019031144593, 10918838455241235, 13654210058236466448, 5155292060698043120))
seed:  (13816061667901545586, (9082793439450293, 3481213225856689559, 2742167774738682415, 17514858475050195262))
seed:  (18155265543580013043, (1933531520946423315, 14885845050200534496, 14364405926267331581, 11827452152975323713))
seed:  (1615591428857816073, (3735355394347815539, 2476491042452691119, 16230109450491000952, 17203063638768104596))
seed:  (1130279595912347269, (14443386466915236714, 15974820641640882814, 3694555739551852064, 12670014123591144245))
seed:  (10221664565743037681, (9806963657260362453, 13374090500619936956, 5984679007790473738, 14059243438601822957))
seed:  (7814917443828958244, (13629529389056810695, 3363038630168907964, 10082041070720104146, 8400840661144071133))
seed:  (4258252119247602929, (8471684706909734963, 12002552802513399781, 4853694808246047088, 1574758601031219711))
seed:  (5904055964884574018, (18221926108547484439, 10600032894807853848, 11338161394152439757, 6975685989633616621))
seed:  (12175889370746363989, (15726676672801084351, 8455354091865931950, 4411248518287557499, 11303897322110103688))
seed:  (18101939089311487484, (13039742651638896773, 17528649078303107772, 17224287888103326757, 16301958392174170894))
seed:  (16995615666220540585, (18197727747492475050, 14583589201628606425, 2703494422210290429, 14714003581146683762))
seed:  (1032679445302151698, (12421571948098083766, 6005539384305570665, 16051025866493542943, 3799979074016152112))
seed:  (70836293859853816, (2674035545118565009, 18101277584331123662, 501130200958450368, 9734932284237075185))
seed:  (11495507852862817662, (15086401461311486441, 1643159086069637713, 16675037162441444831, 11612920195603680908))
seed:  (487589375573113223, (7202407344715109732, 17880818669602569768, 16088734725618553348, 8530886280041649091))
seed:  (11342109223099284012, (8979244938690122458, 15202853780186551432, 837688044537270683, 5693618836792177507))
seed:  (18135943700594051632, (6079628668135379756, 17601243313453210750, 10369518579148550906, 618189713031244434))
seed:  (17966460984033947560, (1000241062033014589, 18216960023603052175, 1652198343317855268, 10342052383435559673))
seed:  (14755076054759560050, (8887509509191798388, 15869686559427860687, 9194093455580526396, 9693701038830947134))
seed:  (7312227597503570891, (12309559696824900741, 18205242024454260073, 3421912911257670883, 6420598201961147098))
seed:  (84508894681227471, (7682530411978245310, 13412534554081297561, 15429382397752758328, 11792927930968327110))
seed:  (14170163826224544021, (2494692004174578796, 17791481082854165194, 6476661880323687168, 7130498892973645895))
seed:  (14513523645979213655, (3674579960949542275, 1315156963352254808, 4394866582574736657, 14815348658922275879))
seed:  (3338242364502667910, (4072522211285734244, 3727452264892781616, 9145305319834335317, 16666415894819842843))
seed:  (2208247365204112466, (9374363972519635775, 4574986264700403106, 3118902684998181716, 16721286192691313438))
seed:  (2825899932590211668, (3637843845636614860, 4051304025849409161, 7594613069509808298, 12474950288066080271))
seed:  (17346953565495042420, (3279488339777379628, 17171842539657234396, 16377313480813532742, 17736128870469620337))
seed:  (16578742531928793923, (5385401130886794392, 12226364953076381433, 13163490532095252651, 11357559676043278380))
seed:  (17740004414784524113, (16517278332554031819, 5559655104910151169, 13717770495680409496, 13859642973029411832))
seed:  (8591040321183419594, (7790901275172892393, 3298723360080481033, 7143475692614388286, 713489237799632732))
seed:  (10227692091126573564, (8957594052903013251, 10955163054245511931, 4624820034555267994, 16538992435983353271))
seed:  (3601218869544055330, (16652716648832462847, 18433206206185501515, 14232973785588254890, 10108249220904036238))
seed:  (2346585014516074107, (12968948757048713300, 224602126942390645, 6628828152988940066, 12960483232853081541))
seed:  (12489125063110915564, (13349730698530992894, 2330204144840803315, 17559655995998163474, 943762785603454499))
seed:  (1560259812992061067, (12528120648679350762, 4908315528477765211, 15583934572343396032, 1375907712262275185))
seed:  (16811800822922694556, (13853438242242048892, 8608643310221247965, 6437976570568203414, 16359182976022670263))
seed:  (8673186367675626920, (14971480610591055267, 6136862500092561734, 12095102543269707151, 6120398546185421560))
seed:  (12495240891270104609, (6260998062147582856, 3691411469368712610, 326067127183983210, 153624523979187112))
seed:  (11559628362080990097, (11431468203690151943, 11292411257300054051, 14464264744103383070, 16251025019982388542))
seed:  (2454166380431640850, (16024264592930344084, 11633416662711950350, 1542922892442756596, 8735595583023669176))
seed:  (9978482568865405303, (17434110678950793157, 33126056100775696, 15747550206468941224, 8058977760669504923))
seed:  (17710385816362960687, (3507650833777291237, 3710861439899052426, 858163393601626679, 14231041990266570442))
seed:  (18233502877655225870, (10699458036983481503, 1460909994909100217, 11506595005103501466, 16408204840281014151))
seed:  (8389109674539543029, (12732580213878854286, 13616774585216926006, 12732631220872071995, 6889995305862054520))
seed:  (18101226653899754917, (5305957680432960815, 4363765789734333051, 16655689445014663269, 3382930650313555943))
seed:  (15599967831874304404, (10490124761223394950, 13398076755233116945, 1940830351841804289, 5088204688205971791))
seed:  (5345367782900505854, (10623944089236358840, 14083681807656416654, 512632207335315456, 12032052688684047239))
seed:  (9457823946713382863, (15729612918935561609, 9407445945393049749, 1085180903037615199, 4696148020518866525))
seed:  (2465769589715376387, (17543682885863745970, 11349612742658119870, 10088305199113876435, 13379634815473907648))
seed:  (6664019582020609229, (16564005195346943199, 8451659666259713294, 6789911473408250344, 14396233434225899793))
seed:  (12122126758298726108, (5022199199226078129, 7836031191827543181, 2046638908661351853, 13215727460536395136))
seed:  (3576452013705734347, (17474125448490712745, 1432290536501826978, 18243274686446181114, 13204620660271937484))
seed:  (14718132945126372221, (13173105972044487066, 5499824838548818701, 11263062690680046176, 3703125746436288268))
seed:  (8110266214959755925, (7614622706563881159, 17665621453352728077, 9584933626732962782, 13404461474130394202))
seed:  (8115913093633643900, (4576233850649076569, 11694126736644104856, 14211656861707051436, 4534892655210042685))
seed:  (2967746663792528384, (16068574171206102360, 12631423725086921164, 9553041617837188242, 10548374939947134504))
seed:  (14765828518759942634, (8663214991245637137, 15380856635163972268, 15665786951181397394, 8377505878436673079))
seed:  (9826292022912893680, (4498001305869930099, 2486018936279502413, 3649713185251439094, 16644562435946402031))
seed:  (7474717754618264162, (9556308743036994084, 13920951996478242157, 5467098899477375090, 17850728744255056051))
seed:  (16378428468354788278, (12148370593612287507, 13747427860090915480, 5706886247546701249, 16431902143383165578))
seed:  (4868201521379139767, (11511282524442260947, 5400829104177115937, 11106648379348039439, 4466006794487465152))
seed:  (16038003126949244196, (6174277996208576918, 5835106701952150234, 14896113687809186662, 3568061304846452943))
seed:  (1735533807403977688, (15921902347101667593, 16406187224515147309, 17697198222748095607, 14269712372824366402))
seed:  (9495372444821033770, (15325817471189437250, 9381191839877285347, 11633375046939381856, 4238630964087926616))
seed:  (12142665280230256580, (1846722770537027547, 9662011955905713546, 1272819676141072109, 9508962721270715372))
seed:  (4645680993150282044, (5229801992235978965, 8346196873813240256, 1346025133617332730, 14702476505411948615))
seed:  (9791105096662717298, (4183100828803749354, 3972273660256162079, 3499137098764174186, 7255135824437134061))
seed:  (3503703042301442, (15846763449671603721, 1769889953833363354, 369611003800870552, 3563529510163453716))
seed:  (1951640482851344028, (6059041187464808030, 1503950178636080340, 14415765590245037926, 10567442244591505387))
seed:  (132169966403281665, (11923936805196250116, 6861399911116495802, 2463890943633447118, 7288575214113368463))
seed:  (453705718697801278, (2745774198621169797, 11810531185879232970, 15633129945239243231, 11727259686704229562))
seed:  (7416110978374786257, (3842463828583165753, 1692630006690365178, 12042453890488656849, 11071152021604673109))
seed:  (4487425478401304101, (10442566124469670853, 5828060791782479263, 7093504603489141144, 14133975747919291718))
seed:  (17034944813349292309, (13216368602624920298, 10301260627623656723, 11993822403042433485, 3320592553101583543))
seed:  (9836626030597834944, (5570698737430801452, 11660705997786163803, 1842330374179846114, 15450782034464410644))
seed:  (13265314210366695446, (14264574767920978072, 18218048488316319109, 4664493206251746365, 15857396905338005062))
seed:  (5912938505457446918, (13532247897650669534, 13114225221517419430, 922147640156706474, 13721971391995828395))
seed:  (13654607780156958501, (6688608979961913249, 10850632981748233790, 8498594729465981049, 7506781553907257389))
seed:  (2769792915380805616, (10200291170482408926, 12059084433035704567, 17356769399082155036, 4879398843895583241))
seed:  (17162861485889393974, (12971232572183544598, 9699325866911070156, 2306091001639658875, 13404357917357362463))
seed:  (6821072326097456179, (9811587177020189927, 10927062875243456855, 14736269636609338486, 645086696912292899))
seed:  (4078386547625112359, (4861975753958962289, 5153640264019578771, 3297234945837467648, 6431404887603866436))
seed:  (18130226509905471548, (15741011303496444263, 16607311527284028632, 14712906057964214556, 4290760490701455944))
seed:  (4052901050358768712, (6936889717484232085, 12431174227171528107, 10979432665794023755, 1170184438762450236))
seed:  (7559597690932502902, (330403017779868771, 13975330598052881420, 1933524128884995012, 101529065653042148))
seed:  (2305319925985400815, (16547152336824806600, 1503383467669195755, 11005533605395218321, 16327694752400465042))
seed:  (7590820418991270845, (14409629653610685982, 18137800732092327765, 14616515776060698879, 4922196388393896172))
seed:  (13848691766363567673, (16609939484178936269, 15994915771823008584, 8142028345844272389, 13461949808218768881))
seed:  (1030117265504751807, (18094205478143411256, 9612863033316560243, 6829432596224026394, 5920206480651948314))
seed:  (2914602105796842896, (11027863778163200588, 5636932906425688919, 8792618922748890290, 13587421737190859128))
seed:  (10530978810460408697, (5155840544312050768, 13892793871002548989, 8331745478258838546, 10097404915003879289))
seed:  (7079638184579771689, (3740696874600676666, 11879360397734859664, 211015107465969867, 1048422245204228131))
seed:  (11279190010023313639, (17807259153611150405, 70340774204559417, 10413434646767828791, 17957553130789352631))
seed:  (15166306357347232238, (17820075757547646375, 15922554873297428429, 7241772853941272469, 15326495740539834296))
seed:  (15224080278678309914, (17235183780499707206, 5321582215806773304, 13333013493376984966, 5181541885959718870))
seed:  (13650396914351185374, (14797454276085633774, 10504253720454042660, 7656817368250870963, 2631462325402526482))
seed:  (14143504270199157036, (18068744635305701203, 330090515639727477, 11815476856399356478, 14713127969956127638))
seed:  (5194442788985231099, (7835275917476686241, 16837248834486603153, 3660385521941733657, 2637130969529576538))
seed:  (14522662154745164278, (12988253851569678542, 13113411069121971747, 8679674399466365116, 219952909959225871))
