seed:  (12456174437878464825, (7378811080179175001, 15395885404217714343, 6163147517195570559, 9337327699863596204), 6545539491213818223, 15881808227103888081)
seed:  (16353199161520900085, (4832155354232903876, 1565412997587208522, 16719442306791989887, 8418660387183652003), 16288608038770863667, 9317562694985405885)
seed:  (17612401306198286248, (4045294646839412299, 2525196384480080598, 17375252206904257327, 11827267645340471421), 13081160640337608423, 7183611611560773050)
seed:  (14778608903590760879, (17503843330152934231, 12710011324565100494, 3465049780293455463, 9956604425763682886), 8397889245287778760, 1099800080046585015)
seed:  (3533254848313810460, (7045177798162913276, 16254011678985505448, 16187493979203758129, 4574138636515703572), 7723194068726219122, 10398587629067747668)
seed:  (12206261463592594139, (11739090296362068755, 15349203302117651840, 300900722074057738, 7085361012059594005), 11735709153924676133, 1923348103177499668)
seed:  (16241194331953504731, (11307181114746122234, 17662885377273555676, 16785585819594515090, 8958621988403623729), 838635334814998888, 16368513839598212692)
seed:  (10186268735638918460, (3383319087116649853, 233143613075667611, 1932720483033780928, 2599325352584572289), 16108167719822221312, 10941987252397051913)
seed:  (13945831678256418355, (8620427097268204072, 6467686456501761405, 14999603011688622946, 14767448450209342695), 11573147377705314908, 145174863802423803)
seed:  (1155783508752913278, (5864094819984887079, 9145185376459326915, 7128530946752672593, 274167511911099420), 14658555744198131048, 11060428898160325036)
seed:  (7588817438072671703, (7979359886507101407, 12592727537130612363, 15762879455482716805, 5243613833016944134), 7503335697888624530, 13434472406942771926)
seed:  (4694677107415302410, (13761294378865016890, 17420859630836533644, 18435616812706901673, 16955776253802772995), 7376065549351049925, 1587806438293247235)
seed:  (737919229875781301, (460834488691177278, 16428747532357994322, 13290399786436569943, 10319139060433343243), 13542546770058547631, 4295336012355583463)
seed:  (9635307286608256509, (13967740482897232448, 12842682547168482062, 8776728028323013123, 6584802181986310106), 5264629626260800842, 1935236438571940392)
seed:  (6699897606322325183, (5354968589850303013, 10505524106435599007, 13098979659668987237, 4331069427755711937), 12550415250824263872, 6944184373416633806)
seed:  (10899520079463537127, (10060119366277879996, 1361301989429609357, 14475953400012026950, 13141734900734861521), 218142429852850904, 1003378695506618768)
seed:  (3645434835844150015, (2541164017189522670, 4064916125121588731, 11509916450295768479, 11079967296495576968), 4167103230969029700, 9158197811137218357)
seed:  (13438252867811346489, (11650657352889660151, 11021798100033448460, 7116900597777284936, 901161533524323719), 14780609548933446375, 14418400259391774315)
seed:  (16712450170385311802, (5180237234543103888, 5247982284539952629, 16346886961749984600, 3159730163619460647), 6939932138754212858, 6633317201462921434)
seed:  (12345889493694188418, (3842270683175693446, 7555234073577362607, 16985850414913932573, 4131700341234149742), 18244573306547208780, 18380481151563129466)
seed:  (5597940825245746498, (9213939767211047104, 7960664469549490450, 3790693430611467340, 325339662520689779), 12320126106989474991, 6498653069981473408)
seed:  (11842022937620386789, (17943904233674025242, 3453000502912571710, 1051193209069958936, 11370729043261467452), 13394008776572858989, 2065444653919264262)
seed:  (10701149177664422909, (12332563266593097299, 5562615344527352083, 9140618448535634672, 13044353633322242131), 3558765777075016947, 15199076851086447712)
seed:  (15845937516298433705, (12677034466633157334, 3235215490193702769, 18431376692067521433, 18338591733386763948), 6854765912203852906, 2347488138070032425)
seed:  (5739887619565385614, (7324344252380178646, 7994088356715957356, 2367708360754668848, 9256327974530496449), 11036476254408219879, 4569536567411775946)
seed:  (9055619201696580348, (9219002140731602308, 17922594871659178808, 15277617138834558677, 11689883443610292829), 11189948343382001661, 14056458318352399548)
seed:  (5194787240049874938, (13192824706446652693, 13700694099292238823, 6921005501580318449, 9024128858011634010), 15143722495038926813, 15664488628138036231)
seed:  (15113500827716779715, (6797593375192156434, 4087951787391019863, 6097907379853486018, 3845045462912305492), 4201287770239432842, 17222096724626059766)
seed:  (1146402184885419010, (7267247733493952620, 9253900419206612787, 17515559597606139311, 15570044331341378736), 16669048982418564994, 5114978990038551810)
seed:  (8513215306181440755, (17658401136753656000, 8926452733017853394, 3054704813055391737, 11604593210164239159), 16666591532322222461, 7256675377691742836)
seed:  (6048403412228062619, (13411174120731980297, 9464231834009898461, 16743243617544788713, 719325904470828378), 8097720780022569216, 12602563493424610781)
seed:  (14358532607615964384, (5830186352738319176, 14541071481548174482, 10826816764724711775, 5992523679046235385), 14615358370304705547, 6442355045748504361)
seed:  (11495661669323739743, (8727440413595357905, 1993434334739176673, 3141427723924770122, 1323043117496833221), 17128224306478030344, 3780558051433507911)
seed:  (5141147669125130709, (6152229580453137813, 9165493941558128346, 7228031687628075431, 14994012308661407137), 5207949122577100172, 16308100345438982080)
seed:  (9456181518382532333, (13855429832317275257, 18430859284960910217, 4244993734578033857, 6475320045572682977), 1545811710537948083, 5277981552001753644)
seed:  (3945080225198234814, (13589305559874376640, 5493002018066657267, 11503614904967146991, 14213112925591447318), 16385148428002122601, 17651736215973361529)
seed:  (7243619772630442537, (17936629605212235917, 278462123160968100, 4973747862834551752, 8754944929165047032), 411663290102497518, 10862564594078191855)
seed:  (5808984385001319790, (9624523793874930934, 16235640458215267795, 1493643384167449060, 17132169761787205816), 14608034170836566865, 11313674925818472208)
seed:  (2487337696878205172, (13239234751834951240, 4743134879483364551, 2972942518007929082, 15482188988342615967), 15216563534493027430, 8976604989913498623)
seed:  (14966880231370714614, (15023921007794592612, 2782670464445378307, 4038832944306707235, 14855275016488555767), 8247814404516340869, 11985024940708707006)
seed:  (9918127213255025343, (7347828879680226438, 12323809775373110486, 5023296720782528481, 2876827972896889760), 793420683543115262, 8102143154267099085)
seed:  (3137834924517454679, (14795961626833715774, 12121666394036881164, 16607702363241658049, 11147523904063279931), 16607774033778166774, 1728939999519644374)
seed:  (16630574360074201683, (18406549634748489108, 3286097759494859911, 5333496106959046727, 1445166213048114310), 13257347597814967088, 4268586072343762666)
